10 1000 1.0 1 N 1 1 100 3 100 150 0
8 900 0.6 1 X 1 3 75 1 120 70 1
1 100 0.0 0 D 0 6 20 0 200 10 0
6 68 0.41 0 N 1 4 25 3 460 142 0
1 224 0.34 1 D 0 1 63 7 231 168 1
6 994 0.65 0 D 0 3 19 1 217 117 1
8 206 0.69 1 N 1 6 1 2 550 391 0
3 432 0.24 0 N 0 2 69 5 184 86 1
2 915 1 0 D 1 4 76 5 217 246 0
6 524 0.11 1 N 1 6 4 8 239 243 1
9 545 0.45 0 D 0 6 16 3 342 275 0
2 925 0.77 1 N 0 4 55 10 543 177 1
1 139 0.03 0 N 1 2 61 8 166 121 0
4 54 0.12 0 N 1 1 35 2 199 282 1
1 787 0.86 1 D 1 5 70 6 117 106 0
9 782 0.76 0 D 0 5 44 2 393 428 1
10 644 0 1 D 0 3 96 5 332 483 0
2 45 0 0 D 0 1 58 1 441 298 1
10 649 0.27 1 N 0 4 96 10 159 243 1
7 166 0.91 0 N 0 1 74 5 275 147 0
1 261 0.96 1 N 0 3 98 1 447 416 1
8 931 0.59 0 N 1 4 64 3 510 46 1
10 620 0.52 0 N 1 5 94 5 296 206 1
2 479 0.17 1 N 1 3 71 2 166 324 1
7 652 0.22 1 N 1 3 97 1 119 198 0
8 75 0.8 1 N 1 2 37 1 102 180 0
5 613 0.55 1 N 1 3 29 2 276 500 0
5 746 0.27 1 N 0 1 30 0 490 252 1
9 519 0.91 0 D 1 3 17 5 331 38 1
5 455 0.03 1 N 1 4 62 10 411 185 1
4 656 0.98 1 D 0 1 53 5 73 334 1
8 747 0.26 1 D 0 2 0 0 449 130 0
2 594 0.65 0 N 0 6 39 9 507 421 1
8 219 0.36 0 N 0 3 34 10 380 311 1
10 273 0.51 0 D 0 3 64 3 331 412 0
8 554 0.87 0 N 1 3 63 10 478 9 1
10 334 0.85 0 N 1 4 7 7 495 351 0
1 512 0.65 1 D 0 2 76 5 465 315 0
4 297 0.87 0 N 0 6 80 6 444 458 0
9 252 0.29 1 N 1 4 100 9 179 164 0
6 803 0.14 1 N 1 2 93 3 214 326 1
7 360 0.09 1 N 1 3 16 6 251 186 0
1 517 0.15 1 D 0 6 38 6 495 212 1
1 913 0.65 0 D 1 3 5 6 481 224 1
4 28 0.65 0 N 0 6 4 10 104 437 0
10 242 0.62 1 N 0 6 88 5 97 211 1
10 935 0.35 1 D 0 1 32 9 370 64 0
6 354 0.22 0 N 1 3 54 4 358 409 1
4 78 0.09 1 N 1 5 34 4 109 103 1
2 795 0.76 0 N 1 5 51 6 530 274 1
3 906 0.25 0 N 1 5 1 8 115 163 1
7 538 0.65 1 N 0 3 50 0 271 260 1
4 414 0.27 1 N 0 4 39 5 51 16 0
5 475 0.6 1 N 1 3 8 5 187 305 0
7 707 0.09 0 D 0 2 61 8 403 92 0
10 628 0.71 0 D 1 1 88 8 510 165 1
7 818 0.02 0 D 1 1 41 0 411 198 0
8 350 0.04 0 N 1 4 45 4 144 60 0
3 986 0.97 0 D 0 2 21 4 135 289 0
9 913 0.73 0 D 1 3 82 8 340 350 1
8 120 0.33 1 N 0 6 37 2 98 334 0
3 31 0.79 0 D 0 5 75 0 256 269 0
5 228 0.09 0 D 0 4 28 3 370 177 1
3 745 0.69 1 N 0 2 57 4 88 318 0
1 288 0.13 0 N 1 3 74 9 215 1 0
1 185 0.29 0 D 0 2 77 0 441 273 0
3 827 0.34 0 D 0 6 4 6 539 189 0
4 919 0.3 1 D 1 5 54 6 61 334 1
3 28 0.47 1 N 1 6 49 3 101 351 1
9 939 0.83 1 D 0 3 0 8 227 291 1
6 797 0.35 0 D 1 6 30 10 331 424 1
7 588 0.91 1 D 0 3 76 9 445 294 1
10 780 0.33 0 D 0 2 10 10 309 466 0
5 896 0.52 1 N 0 1 92 6 195 44 0
4 866 0.89 1 N 0 3 73 2 179 234 0
5 837 0.08 0 N 1 3 99 1 102 67 1
2 725 0.2 1 D 0 6 13 4 437 340 1
5 512 0.43 0 D 1 6 1 10 478 343 0
1 462 0.37 0 N 0 2 98 0 81 78 1
10 607 0.55 1 N 1 4 71 5 498 249 0
4 283 0.76 0 D 1 2 75 3 525 16 1
10 2 0.26 1 D 0 1 15 8 65 466 1
7 660 0.34 0 N 1 1 67 3 132 117 0
6 431 0.12 1 N 1 3 62 1 255 18 0
6 259 0.74 1 N 0 1 17 7 446 396 0
9 997 0.32 0 N 1 3 63 2 439 248 0
1 289 0.22 0 D 0 1 43 4 165 412 1
5 812 0.02 1 D 1 6 97 8 319 322 0
10 177 0.08 0 D 1 6 41 5 547 185 0
5 627 0.59 1 D 1 3 70 7 343 494 1
9 147 0.14 1 D 1 6 82 6 276 434 1
9 556 0.86 0 D 1 3 82 1 493 207 1
9 855 0.71 0 N 1 6 48 6 389 397 0
3 908 0.06 1 D 0 1 36 9 201 325 1
6 726 0.56 1 N 0 3 62 6 412 246 0
1 106 0.35 0 N 0 1 83 10 169 42 1
8 81 0.71 0 D 0 3 87 1 97 247 1
2 646 0 0 D 1 5 25 4 407 39 0
8 880 0.77 0 N 0 2 2 9 449 490 1
7 55 0.47 0 N 0 4 88 5 81 245 1
5 619 0.74 1 D 1 2 89 7 172 230 0
4 530 0.15 1 D 0 3 64 7 464 175 0
